14 35 56 70 11 29 55 73 13 39 53 69 15 34 57 71
1 27 45 54 23 41 63 87 2 20 46 68 6 24 50 61
2 26 61 79 9 33 59 77 4 30 48 74 22 42 59 76
12 38 52 68 23 43 58 77 19 21 63 64 11 25 65 82
17 39 44 75 9 35 49 72 19 29 66 84 13 36 56 82
17 43 67 81 22 40 62 86 3 21 47 69 10 24 64 83
0 37 70 86 5 31 49 75 4 40 53 84 5 41 52 85
18 28 67 85 0 26 44 55 10 28 54 72 7 30 50 81
1 36 71 87 16 38 45 74 8 34 48 73 8 32 58 76
12 37 57 83 6 31 51 80 15 33 47 79 16 42 66 80
7 25 51 60 3 27 60 78 14 32 46 78 18 20 62 65
30 24 1 44 24 1 44 30 40 32 61 18 53 24 1 44
51 60 35 13 18 15 32 61 15 6 1 45 30 24 1 44
6 1 45 15 45 15 6 1 1 45 15 6 1 44 53 24
24 1 44 53 44 30 24 1 34 33 45 36 55 9 34 3
1 44 53 24 61 47 20 8 53 24 1 44 15 6 1 45
13 18 60 35 45 15 6 1 24 1 44 53 37 32 52 47
44 53 24 1 39 36 34 33 44 35 31 50 12 25 36 14
15 35 46 56 53 24 1 44 1 44 53 24 24 1 44 30
44 30 24 1 15 6 1 45 30 24 1 44 2 50 22 14
33 42 14 5 34 3 55 9 44 35 61 50 15 6 1 45
45 15 6 1 1 44 30 24 6 1 45 15 1 44 53 24
