11 62 102 150 9 60 100 148 0 51 142 197 22 80 116 154 
4 90 131 177 47 95 138 191 51 79 146 195 44 75 142 190
13 57 135 198 24 65 120 173 6 88 129 179 7 89 130 176
6 58 106 158 8 60 108 160 44 92 139 188 4 56 104 156
10 61 101 149 39 87 123 168 15 67 105 167 50 78 145 194
17 98 151 187 46 94 137 190 14 66 104 166 7 59 107 159
21 83 119 153 31 87 114 167 2 49 140 199 12 64 106 164
40 53 132 159 19 96 149 185 16 68 112 168 14 58 132 199
34 69 125 162 23 75 119 175 42 96 144 192 8 63 103 151
23 81 117 155 24 93 111 182 20 72 116 172 17 69 113 169
34 82 130 182 1 53 101 153 46 73 140 188 13 65 107 165
2 54 102 154 18 70 114 170 26 67 122 175 29 77 125 177
36 84 120 169 25 94 108 183 39 89 137 185 21 73 117 173
28 76 124 176 36 90 138 186 33 68 124 161 12 56 134 197
29 85 112 165 45 93 136 189 27 64 123 172 28 84 115 164
25 66 121 174 37 85 121 170 3 50 141 196 48 76 147 192
35 70 126 163 32 80 128 180 0 52 100 152 43 52 135 158
35 83 131 183 10 62 110 162 19 71 115 171 15 59 133 196
33 81 129 181 41 54 133 156 20 82 118 152 38 86 122 171
30 78 126 178 9 61 109 161 26 95 109 180 45 72 143 191
1 48 143 198 40 98 146 194 18 99 148 184 5 57 105 157
41 99 147 195 31 79 127 179 3 55 103 155 22 74 118 174
37 91 139 187 5 91 128 178 30 86 113 166 43 97 145 193
16 97 150 186 11 63 111 163 32 71 127 160 42 55 134 157
38 88 136 184 47 74 141 189 49 77 144 193 27 92 110 181
35 13 51 60 1 44 53 24 1 45 15 6 45 15 6 1
1 44 53 24 1 45 15 6 35 46 56 15 6 1 45 15
15 6 1 45 44 53 24 1 24 1 44 30 1 45 15 6
30 24 1 44 24 1 44 30 45 15 6 1 17 38 49 11
24 1 44 30 24 1 44 53 24 1 44 53 30 24 1 44
33 42 14 24 33 42 14 24 45 15 6 1 1 45 15 6
30 24 1 44 24 1 44 53 1 44 30 24 57 25 9 41
1 45 15 6 1 45 15 6 42 36 12 57 6 1 45 15
24 1 44 53 24 1 44 30 1 45 15 6 1 45 15 6
44 53 24 1 30 24 1 44 1 44 30 24 53 24 1 44
1 44 53 24 27 28 30 31 53 24 1 44 24 1 44 30
45 15 6 1 30 24 1 44 1 45 15 6 26 22 14 2
35 13 18 60 45 15 6 1 30 1 44 7 6 1 45 15
6 1 45 15 53 24 1 44 24 1 44 53 30 24 1 44
1 44 30 24 44 53 24 1 53 24 1 44 44 30 24 1
30 24 1 44 1 44 30 24 1 44 30 24 41 16 29 51
1 44 30 24 38 23 22 7 44 53 24 1 1 45 15 6
30 24 1 44 53 24 1 44 6 1 45 15 24 1 44 53
35 46 56 15 5 33 42 14 54 7 38 23 1 45 15 6
44 30 24 1 6 1 45 15 53 24 1 44 44 53 24 1
1 44 53 24 1 44 30 24 44 30 24 1 1 44 53 24
45 15 6 1 6 1 45 15 1 44 53 24 42 47 37 32
51 60 35 13 29 28 30 31 6 1 45 15 24 1 44 53
44 53 24 1 44 30 24 1 38 49 11 17 44 30 24 1
24 1 44 30 24 1 44 30 1 44 53 24 53 24 1 44