FILE=GSI_PCV.TXT  VERSION=00005 LAST_UPDATE=20/03/13                            

ANTENNA ID        DESCRIPTION                  DATA SOURCE (# OF TESTS) YR/MO/DY
                                                             |AVE = # in average
 [north]  [ east]  [  up ]                                   | L1 Offset (mm)
 [90]  [85]  [80]  [75]  [70]  [65]  [60]  [55]  [50]  [45]  | L1 Phase at
 [40]  [35]  [30]  [25]  [20]  [15]  [10]  [ 5]  [ 0]        | Elevation (mm)
 [north]  [ east]  [  up ]                                   | L2 Offset (mm)
 [90]  [85]  [80]  [75]  [70]  [65]  [60]  [55]  [50]  [45]  | L2 Phase at
 [40]  [35]  [30]  [25]  [20]  [15]  [10]  [ 5]  [ 0]        | Elevation (mm)

TRM29659.00     GSI GSI TRM Choke Ring                        IGS (  1) 05/07/01
       0.0       0.0     110.0
   0.0   0.0   0.0   0.0   0.0   0.0   0.0   0.0   0.0   0.0
   0.0   0.0   0.0   0.0   0.0   0.0   0.0   0.0   0.0
       0.0       0.0     128.0
   0.0   0.0   0.0   0.0   0.0   0.0   0.0   0.0   0.0   0.0
   0.0   0.0   0.0   0.0   0.0   0.0   0.0   0.0   0.0
TPSCR4          GSI GSI TOP Choke Ring                        IGS (  1) 05/07/01
       0.0       0.0     110.0
   0.0   0.0   0.0   0.0   0.0   0.0   0.0   0.0   0.0   0.0
   0.0   0.0   0.0   0.0   0.0   0.0   0.0   0.0   0.0
       0.0       0.0     128.0
   0.0   0.0   0.0   0.0   0.0   0.0   0.0   0.0   0.0   0.0
   0.0   0.0   0.0   0.0   0.0   0.0   0.0   0.0   0.0
TPSCR.G5        GSI GSI TOP Choke Ring                        NGS (  3) 11/05/31
      -0.5      -0.2     115.5                              
   0.0  -0.3  -0.6  -0.9  -1.1  -1.2  -1.4  -1.4  -1.5  -1.4
  -1.4  -1.3  -1.2  -1.1  -1.0  -1.0  -1.1   0.0   0.0
      -0.6       0.3     127.6                              
   0.0   0.0  -0.1  -0.1  -0.2  -0.3  -0.3  -0.4  -0.4  -0.5
  -0.5  -0.5  -0.5  -0.4  -0.3  -0.1   0.2   0.0   0.0
TPSCR.G5C       GSI GSI TOP Choke Ring                        TOP (  5) 16/01/20
      -0.3       0.7     111.8
   0.0  -0.1  -0.3  -0.6  -0.9  -1.1  -1.2  -1.3  -1.2  -1.1
  -0.9  -0.7  -0.6  -0.3  -0.1   0.2   0.7   1.2   1.8
       0.2       0.9     124.8
   0.0  -0.1  -0.1  -0.1  -0.3  -0.5  -0.7  -0.8  -1.0  -1.0
  -0.8  -0.7  -0.7  -0.5  -0.4  -0.1   0.3   1.2   2.4
TRM59800.00     GSI GSI TRM Choke Ring                        NGS (  3) 08/05/07
       0.7       1.2     107.7                              
   0.0   0.0   0.0  -0.1  -0.1  -0.2  -0.2  -0.2  -0.2  -0.2
  -0.1  -0.1  -0.1   0.0   0.0   0.0   0.0   0.0   0.0
      -0.6       0.4     127.3                              
   0.0  -0.4  -0.5  -0.6  -0.6  -0.6  -0.6  -0.5  -0.5  -0.5
  -0.5  -0.6  -0.6  -0.7  -0.7  -0.7  -0.6   0.0   0.0
TRM59800.80     GSI GSI TRM Choke Ring                        NGS (  3) 08/05/07
       0.7       1.2     107.7                              
   0.0   0.0   0.0  -0.1  -0.1  -0.2  -0.2  -0.2  -0.2  -0.2
  -0.1  -0.1  -0.1   0.0   0.0   0.0   0.0   0.0   0.0
      -0.6       0.4     127.3                              
   0.0  -0.4  -0.5  -0.6  -0.6  -0.6  -0.6  -0.5  -0.5  -0.5
  -0.5  -0.6  -0.6  -0.7  -0.7  -0.7  -0.6   0.0   0.0
TRM159900.00    GSI GSI TRM Choke Ring                        N-T (  1) 17/07/01
       0.0       0.6     132.9
   0.0   0.0   0.3   0.7   1.1   1.6   2.0   2.4   2.6   2.6
   2.4   2.2   1.6   0.9   0.0  -1.1  -2.3  -3.8  -5.3
       0.4       1.1     131.8
   0.0   0.0   0.1   0.2   0.3   0.5   0.6   0.8   1.0   1.2
   1.4   1.3   1.1   0.9   0.6   0.5   0.3  -0.5  -2.9

